1890,1,1,3600,12,16,2,0,4,266
1384,1,1,3000,12,16,1,0,4,166
1524,1,1,3000,12,16,2,0,4,166
1511,1,1,3600,12,16,1,0,4,166
1552,1,1,3000,12,16,2,0,4,200
1739,1,1,3600,12,16,2,0,4,200
1818,1,1,3800,12,16,2,0,4,200
1599,1,1,3000,12,16,2,0,4,200
1472,1,1,3000,12,16,1,0,4,200
1809,1,1,3600,12,16,2,0,4,200
1388,1,1,3000,12,16,1,0,3,166
1527,1,1,3000,12,16,2,0,3,166
1718,1,1,3600,12,16,2,0,3,166
1522,1,1,3600,12,16,1,0,3,166
1457,1,1,3000,12,16,1,0,3,200
1588,1,1,3000,12,16,2,0,3,200
1800,1,1,3600,12,16,2,0,3,200
1608,1,1,3600,12,16,1,0,3,200
1814,1,1,2800,64,64,1,0,1,200
1439,1,1,2400,64,64,1,0,1,200
1741,1,1,2600,64,64,1,0,1,200
1595,1,1,2400,64,64,1,0,1,200
1504,1,1,2400,64,64,1,0,1,200
1303,1,1,1800,64,64,1,0,2,200
1389,1,1,2000,64,64,1,0,2,200
1482,1,1,2200,64,64,1,0,2,200
1555,1,1,2400,64,64,1,0,2,200
1630,1,1,2600,64,64,1,0,2,200
1664,1,1,2600,64,64,1,0,2,200
1492,1,1,2400,64,64,1,0,2,200
2566,1,1,1600,16,16,0.25,9
1516,1,1,3000,12,16,2,0,0.5,266
1350,2,1,2800,12,16,2,0,0.5,266
1208,1,1,2800,12,16,2,0,0.5,200
1247,2,2,2800,24,32,2,0,1,166
1219,2,2,2800,24,32,2,0,1,166
1303,2,2,2800,24,32,2,0,1,200
1207,4,4,3160,48,64,2,0,1,200
1388,1,1,2800,12,16,2,0,0.5,266
1393,2,1,2800,12,16,2,0,0.5,266
1868,1,1,1400,16,16,0.25,3
2545,1,1,1600,16,16,0.25,9,32,133
1775,1,1,3600,12,16,2,0,2,200
1775,1,1,3600,12,16,2,0,2,200
1834,1,1,3800,12,16,2,0
1800,1,1,3600,12,16,2,0
1502,1,1,3600,12,16,1,0
1766,1,1,3600,12,16,2,0
1826,1,1,3800,12,16,2,0
1783,1,1,3600,12,16,2,0,2,200
1836,1,1,3800,12,16,2,0
1485,1,1,3600,12,16,1,0,2,200
1798,1,1,3600,12,16,2,0
1832,1,1,3800,12,16,2,0
1450,1,1,3600,16,16,1,0
1773,1,1,3600,12,16,2,0
1823,1,1,3800,12,16,2,0
1227,1,1,3330,12,16,1
1300,1,1,3660,12,16,1,0,16,200
1227,1,1,3330,12,16,1
1300,1,1,3660,12,16,1,0,16,200
1939,1,1,3600,12,16,2,0,2,200
1779,1,1,3600,12,16,2,0,2,200
1830,1,1,3800,12,16,2,0
1485,1,1,3600,12,16,1,0,2,200
1087,1,1,2000,32,32,2,0,2,166
1209,1,1,2800,12,16,1,0,2,166
1325,1,1,2800,12,16,1,0,2,200
1382,1,1,3000,12,16,1,0,2,200
1482,1,1,3200,12
1438,1,1,3200,12,16,1,0,2,200
1544,1,1,3400,12
1295,1,1,3400,12
1489,1,1,3400,12,16,1,0,2,200
1905,1,1,3600,12,16,2,0,2,266
1976,1,1,3800,12,16,2,0,2,266
1026,1,1,2400,12
1091,1,1,2800,12
1168,1,1,3066,12
1194,1,1,3200,12
1338,1,1,3200,12
1519,1,1,3400,12,16,1,0,2,200
1507,1,1,3400,12,16,1,0,2,266
1755,1,1,3800,12,16,1,0,2,266
1799,1,1,3600,12,16,2,0
1802,1,1,3600,12,16,2,0,4,200
1672,1,1,3600,12,16,1,0,4,200
1668,1,1,3400,12,16,2,0,4,166
1760,1,1,3600,12,16,2,0
1593,1,1,3600,12,16,1,0
1801,1,1,3800,12,16,2,0
1465,1,1,2200,64,64,1,0
1348,1,1,3200,12
1449,1,1,2200,64,64,1,0,4,200
1782,1,1,3600,12,16,2,0
1828,1,1,3800,12,16,2,0
1813,1,1,2800,64,64,1,0
1546,1,1,2200,64,64,1,0
1637,1,1,2400,64,64,1,0
1326,1,1,3200,12
1327,1,1,3400,16,16,1,0,2,166
1364,1,1,3600,16,16,1,0,2,166
1800,1,1,3600,12,16,2,0
1861,1,1,3800,12,16,2,0
1318,1,1,3200,12
1407,1,1,3400,16,16,1,0,2,200
1729,1,1,3600,12,16,2,0,4,200
1495,1,1,3600,16,16,1,0,2,200
1859,1,1,3800,12,16,2,0
1805,1,1,2800,64,64,1,0
1486,1,1,2200,64,64,1,0
1637,1,1,2400,64,64,1,0
1212,1,1,3000,12
1227,1,1,3333,12,16,1
1314,1,1,3666,12,16,1,0,32,200
1503,1,1,3400,12,16,1,0
1672,1,1,3400,12,16,2,0,12,200
1799,1,1,3600,12,16,2,0
1308,1,1,3200,12
1470,1,1,3400,16,16,1,0,4,200
1735,1,1,3600,12,16,2,0,4,200
1504,1,1,3600,16,16,1,0,4,200
1851,1,1,3800,12,16,2,0
1308,1,1,3660,12,16,1,0,16,200
1636,1,1,3200,12,16,2,0
1704,1,1,3400,12,16,2,0
1769,1,1,3600,12,16,2,0
1577,1,1,3000,12,16,2,0
1650,1,1,3200,12,16,2,0
1716,1,1,3400,12,16,2,0
1577,1,1,3000,12,16,2,0,4,200
1650,1,1,3200,12,16,2,0,4,200
1717,1,1,3400,12,16,2,0,4,200
1779,1,1,3600,12,16,2,0,4,200
1649,1,1,3200,12,16,2,0,4,200
1714,1,1,3400,12,16,2,0,4,200
1575,1,1,3000,12,16,2,0,4,200
1647,1,1,3200,12,16,2,0,4,200
1715,1,1,3400,12,16,2,0,4,200
1780,1,1,3600,12,16,2,0,4,200
1369,1,1,3000,12,16,1,0,4,200
1700,1,1,3600,12,16,1,0
1625,1,1,3600,12,16,1,0,4,200
966,1,1,2800,12
1241,1,1,3199,12
1192,1,1,2985,12
2285,2,2,1596,16,16,0.25,3
1984,1,1,1596,16,16,0.25,3
2038,1,1,1496,16,16,0.25,6
1636,2,2,3392,24,16,1,0,4,200
1618,2,2,3392,24,16,1,0,4,200
1484,2,2,3392,24,16,1,0,4,200
1412,2,2,3189,24,16,1,0,4,200
1846,2,2,3591,24,32,2,0,2,200
1524,1,1,3392,12
303,1,1,1000,16,16,0.25,0,0.25,133
804,1,1,2000,12
1300,1,1,3400,12
1297,1,1,3400,12
1544,1,1,3400,12
1546,1,1,3400,12
1326,1,1,2800,12,16,1,0,1,200
1381,1,1,3000,12,16,1,0,1,200
1381,1,1,3000,12,16,1,0,1,200
1434,1,1,3200,12,16,1,0,1,200
1548,1,1,3400,12
1481,1,1,3400,12,16,1,0,1,200
1325,1,1,2800,12,16,1,0,1,200
1433,1,1,3200,12,16,1,0,1,200
1458,1,1,3000,12,16,1,0,1,266
1578,1,1,3400,12,16,0.5,2,1,266
1627,1,1,3600,12,16,1,0,1,266
1496,1,1,2800,12,16,1,0,1,266
1568,1,1,3000,12,16,1,0,1,266
1719,1,1,3466,12
1839,1,1,3800,12,16,1,0,1,266
1894,1,1,3600,12,16,2,0,1,266
2013,1,1,3733,12,16,2,0,1,266
1848,1,1,1300,16,16,0.25,3,4,166
2455,1,1,1500,16,16,0.25,4,4,166
1931,1,1,1400,16,16,0.25,3,4,133
2361,1,1,1500,16,16,0.25,4,2,166
2600,1,1,1600,16,16,0.25,6,4,166
2647,1,1,1600,16,16,0.25,9
1620,1,1,2600,64,64,1,0,4,200
1600,1,1,2600,64,64,1,0,4,200
1632,1,1,2600,64,64,1,0,4,200
1537,1,1,3600,12,16,1,0,2,266
1632,2,1,3200,12,16,1,0,2,333
1583,2,1,3200,12,16,1,0,4,333
1633,1,1,3800,12
1333,2,2,3600,24,32,1,0,6,166
1690,1,1,3600,12,16,2,0,2,200
1473,2,2,3600,24,32,1,0
1594,1,1,3600,12,16,1,0
1339,2,2,3600,24,32,1,0
1375,2,2,3600,24,32,1,0
1500,2,2,3600,24,32,1,0,4,200
1519,1,1,3600,12,16,1,0,4,200
1454,1,1,3400,12,16,0.5,1,1,200
1393,2,2,3400,24,16,0.5,2,0.5,200
1270,2,2,3400,24,16,0.5,2,2,166
1402,2,2,3400,24,32,1,0
1397,2,2,3400,24,32,1,0,4,200
1360,2,2,3600,24,32,1,0,6,166
1220,2,2,3400,24,16,0.5,2,16,133
1370,2,2,3600,24,32,1,0,4,166
